2024-08-31 22:15:54,730	4000	steps	100.00
2024-08-31 22:15:54,731	4000	b_rwd	951.80	951.80	951.80	951.80	971.80	951.80	967.80	1039.80	959.80	951.80	1047.80	959.80	983.80	951.80	959.80	951.80
2024-08-31 22:15:54,731	4000	captr	13.24	13.24	13.24	13.24	13.24	13.24	13.24	13.24	13.24	13.24	13.24	13.24	13.24	13.24	13.24	13.24
2024-08-31 22:15:54,731	4000	succs	1.00	1.00	1.00	1.00	1.00	1.00	1.00	1.00	1.00	1.00	1.00	1.00	1.00	1.00	1.00	1.00
2024-08-31 22:15:54,731	4000	bttry	0.01	0.01	0.01	0.01	0.25	0.03	0.25	0.75	0.20	0.01	0.92	0.10	0.34	0.01	0.22	0.01
2024-08-31 22:15:54,743	4000	td_er	0.68	0.64	2087939.75	2087904.75	0.54	0.52	0.51	0.47	2087759.25	0.44	0.39	2087682.25	0.39	2087628.62	0.41	2087572.50
2024-08-31 22:15:54,743	4000	mtder	2088115.25	2087812.12	0.70	0.64	2087234.75	0.52	2086919.00	0.57	0.64	0.57	2086389.12	2086238.00	2086059.75	0.85	0.95	0.92
2024-08-31 22:16:54,899	8000	steps	100.00
2024-08-31 22:16:54,899	8000	b_rwd	1220.00	1216.00	1220.00	1216.00	1300.00	1216.00	1260.00	1216.00	1216.00	1224.00	1232.00	1220.00	1280.00	1224.00	1244.00	1216.00
2024-08-31 22:16:54,899	8000	captr	14.88	14.88	14.88	14.88	14.88	14.88	14.88	14.88	14.88	14.88	14.88	14.88	14.88	14.88	14.88	14.88
2024-08-31 22:16:54,899	8000	succs	1.00	1.00	1.00	1.00	1.00	1.00	1.00	1.00	1.00	1.00	1.00	1.00	1.00	1.00	1.00	1.00
2024-08-31 22:16:54,899	8000	bttry	0.07	0.01	0.06	0.05	0.72	0.01	0.46	0.03	0.05	0.11	0.21	0.12	0.61	0.14	0.44	0.01
2024-08-31 22:16:54,913	8000	td_er	21973.18	21809.84	7819938.50	9552464.00	20837.51	20770.96	23668.92	2036860.50	21732.25	22332.55	24497.82	21445.12	23484.36	20327.52	21877.68	22205.84
2024-08-31 22:16:54,913	8000	mtder	45961.37	13060392.00	5936299.50	42977.13	54510.31	90846.30	72326.67	57998.48	55654.59	5708117.00	38182.49	1454191.25	72482.77	56986.85	54795.52	60080.95
2024-08-31 22:17:51,801	12000	steps	100.00
2024-08-31 22:17:51,801	12000	b_rwd	1152.00	1152.00	1152.00	1152.00	1212.00	1152.00	1152.00	1152.00	1152.00	1152.00	1180.00	1152.00	1164.00	1184.00	1152.00	1152.00
2024-08-31 22:17:51,801	12000	captr	14.56	14.56	14.56	14.56	14.56	14.56	14.56	14.56	14.56	14.56	14.56	14.56	14.56	14.56	14.56	14.56
2024-08-31 22:17:51,801	12000	succs	1.00	1.00	1.00	1.00	1.00	1.00	1.00	1.00	1.00	1.00	1.00	1.00	1.00	1.00	1.00	1.00
2024-08-31 22:17:51,801	12000	bttry	0.01	0.01	0.09	0.07	0.61	0.01	0.02	0.02	0.10	0.02	0.31	0.06	0.12	0.34	0.12	0.01
2024-08-31 22:17:51,816	12000	td_er	25765.38	27183.18	24589.86	26829.82	26152.13	23531.61	23642.02	14741140.00	4652224.50	24676.88	23148.00	23306.73	23498.13	25629.20	21279.30	24334.06
2024-08-31 22:17:51,817	12000	mtder	167952.67	615685.19	133744.72	100075.25	95150.66	4559109.00	138447.08	128214.08	113394.19	112480.12	16434438.00	102686.22	134059.78	181233.41	170747.34	89978.25
2024-08-31 22:18:49,209	16000	steps	100.00
2024-08-31 22:18:49,209	16000	b_rwd	1166.00	1158.00	1158.00	1162.00	1222.00	1158.00	1218.00	1190.00	1178.00	1166.00	1190.00	1158.00	1162.00	1162.00	1230.00	1158.00
2024-08-31 22:18:49,209	16000	captr	14.72	14.72	14.72	14.72	14.72	14.72	14.72	14.72	14.72	14.72	14.72	14.72	14.72	14.72	14.72	14.72
2024-08-31 22:18:49,209	16000	succs	1.00	1.00	1.00	1.00	1.00	1.00	1.00	1.00	1.00	1.00	1.00	1.00	1.00	1.00	1.00	1.00
2024-08-31 22:18:49,209	16000	bttry	0.11	0.01	0.05	0.15	0.60	0.01	0.60	0.35	0.40	0.10	0.31	0.01	0.07	0.20	0.63	0.03
2024-08-31 22:18:49,225	16000	td_er	33885.73	24551.31	24079.70	27038.01	2313276.75	1752821.75	25807.79	30517.14	26607.40	30042.24	25635.18	27894.19	25451.67	24873.84	27205.75	23677.72
2024-08-31 22:18:49,225	16000	mtder	162030.44	100103.47	8279562.00	127067.09	1514236.50	1985967.50	127764.12	78382.41	113903.50	111853.25	382442.53	116445.75	174191.94	1255211.38	2197199.25	2738358.25
2024-08-31 22:19:46,367	20000	steps	100.00
2024-08-31 22:19:46,367	20000	b_rwd	1117.80	1113.80	1113.80	1129.80	1193.80	1113.80	1117.80	1113.80	1149.80	1117.80	1117.80	1113.80	1125.80	1141.80	1193.80	1113.80
2024-08-31 22:19:46,367	20000	captr	14.12	14.12	14.12	14.12	14.12	14.12	14.12	14.12	14.12	14.12	14.12	14.12	14.12	14.12	14.12	14.12
2024-08-31 22:19:46,367	20000	succs	1.00	1.00	1.00	1.00	1.00	1.00	1.00	1.00	1.00	1.00	1.00	1.00	1.00	1.00	1.00	1.00
2024-08-31 22:19:46,367	20000	bttry	0.08	0.01	0.08	0.26	0.74	0.01	0.09	0.06	0.42	0.09	0.04	0.01	0.20	0.34	0.71	0.02
2024-08-31 22:19:46,385	20000	td_er	9440575.00	948418.44	34494.88	3426943.25	40271.18	34192.19	3444697.50	37974.55	41479.71	38031.15	40138.64	35884.32	1663457.75	44823.89	40823.93	41270.18
2024-08-31 22:19:46,386	20000	mtder	1277217.75	172498.72	203553.81	156178.19	11752941.00	146691.53	145220.12	4912675.00	150847.50	270046.47	5276383.00	198247.03	2044854.62	173721.00	166970.16	5119236.00
2024-08-31 22:20:44,056	24000	steps	100.00
2024-08-31 22:20:44,056	24000	b_rwd	1109.00	1085.00	1093.00	1085.00	1085.00	1097.00	1085.00	1085.00	1085.00	1093.00	1089.00	1085.00	1089.00	1113.00	1161.00	1085.00
2024-08-31 22:20:44,056	24000	captr	14.28	14.28	14.28	14.28	14.28	14.28	14.28	14.28	14.28	14.28	14.28	14.28	14.28	14.28	14.28	14.28
2024-08-31 22:20:44,056	24000	succs	1.00	1.00	1.00	1.00	1.00	1.00	1.00	1.00	1.00	1.00	1.00	1.00	1.00	1.00	1.00	1.00
2024-08-31 22:20:44,056	24000	bttry	0.38	0.01	0.22	0.15	0.01	0.23	0.01	0.07	0.26	0.08	0.05	0.01	0.05	0.34	0.66	0.02
2024-08-31 22:20:44,075	24000	td_er	63640.30	13834272.00	61203.39	57999.61	71796.67	50197.80	58986.36	66975.23	68482.31	5051463.50	61288.27	59658.40	61724.02	2737373.00	65766.02	1223722.62
2024-08-31 22:20:44,075	24000	mtder	142891.97	266644.44	214488.03	129386.20	180140.66	424931.06	197863.50	183319.19	2152611.25	246949.00	150284.09	170971.25	336159.41	119271.94	223204.97	4569422.50
